95
196
-3
200
143
-179
71
164
-7
-80
-153
-88
155
-190
4
-176
164
78
-157
10
30
-127
198
101
113
139
-166
-98
164
-60
-78
-168
45
-39
155
187
-139
-115
40
26
-56
-127
10
85
53
-129
-134
92
75
-41
-19
-76
-170
38
146
66
57
180
-189
-112
12
146
139
155
-170
-43
-41
89
-156
-68
-163
-99
65
-190
-31
-170
101
-21
-187
48
116
93
15
62
97
-174
173
-155
58
-187
-196
-77
-113
-145
72
-56
-147
-76
-38
13
188
-173
-168
-83
-113
-115
-170
-98
-164
-135
89
159
-32
84
-51
13
-2
-58
-52
-51
103
-187
154
27
-75
-36
-102
-45
-68
-55
138
106
13
-121
-148
-76
-162
76
81
132
11
39
-84
-95
-110
110
-112
63
29
191
156
-156
-1
84
197
62
-191
131
-141
88
-61
191
40
-142
-194
-98
100
-103
37
-73
164
-41
-96
124
-172
-101
72
190
-147
135
-188
-61
-148
97
-47
141
-45
32
-52
-152
93
87
17
-109
64
-144
13
-120
-99
22
114
-113
170
193
139
-172
-127
-174
-136
-18
102
75
-11
-55
99
-117
81
-66
10
-152
66
108
-43
45
143
-120
-13
-172
-86
96
-37
-71
46
75
-22
146
-164
-137
166
89
-38
-23
7
-94
-99
4
-117
91
-144
91
93
182
-66
141
78
-111
153
-138
171
-137
172
155
-32
-192
-109
41
-49
20
-101
13
-170
-37
-25
49
-65
-89
111
13
-60
157
-137
-12
-78
80
23
-200
-130
182
-185
106
-11
-155
48
200
0
-157
4
-60
-163
-93
-41
-83
-41
165
-46
-140
-84
61
103
80
-29
76
20
57
75
110
60
-197
-154
198
-170
56
81
-5
128
-37
166
171
-179
143
75
-131
-168
-38
-108
-187
30
-25
166
120
44
175
81
111
-186
103
-156
192
98
137
-152
-2
-141
169
-147
34
-54
103
-84
151
-70
112
20
-132
-13
-83
58
54
-148
-148
-109
-53
140
146
20
-53
-92
140
-129
14
58
-153
121
120
131
-69
90
133
-161
-189
-134
-5
35
17
-127
27
-10
-137
-118
147
44
35
118
-7
-148
184
-92
4
-98
23
111
-29
-38
-128
182
199
-28
-155
-153
-57
73
194
74
-145
138
-88
-129
98
-75
188
-194
78
114
-74
-19
168
60
-171
143
29
-114
76
-84
142
-100
150
-96
83
-147
97
52
-54
-183
135
-146
-193
167
-71
-185
-72
176
-14
-13
176
104
67
-61
121
-158
6
184
155
66
115
-167
-177
-9
-181
-66
7
9
88
104
67
-64
-11
51
-123
18
130
-134
-192
-16
120
-168
6
51
126
30
-100
104
-140
-39
96
-50
-41
92
-187
-73
-193
68
115
24
22
-114
44
-26
-184
-163
-2
102
-9
64
-65
52
-16
76
21
127
41
194
-196
-122
48
49
-157
51
-172
-185
-8
-117
109
-131
102
-133
167
0
197
-154
109
116
-187
18
-110
176
-69
152
127
65
-38
0
199
22
28
-76
196
-142
-193
21
57
111
119
186
106
172
102
179
-110
-52
115
170
-182
-3
44
8
144
76
-148
-160
95
30
-172
5
135
170
-141
150
78
-136
112
-31
79
36
158
-49
-161
-57
100
77
25
-189
19
150
18
139
-2
190
52
69
-113
-200
16
12
143
-44
-148
-134
121
-180
107
-44
194
-84
-163
199
127
71
53
-131
82
-9
151
66
-6
78
171
-74
-8
67
160
87
-23
30
104
-66
21
130
-10
131
-94
58
-102
59
166
-196
98
-126
199
164
-54
-172
-6
-72
-83
171
-7
-158
44
-96
68
-146
-108
189
-105
-61
-4
-100
-60
192
137
-45
61
-187
100
-159
127
-6
-53
-74
154
-100
44
-103
147
41
-70
182
-88
103
192
-195
22
111
105
-3
147
-27
-196
-61
-17
-62
-162
-153
-189
-74
-10
153
98
-69
-148
115
-21
-57
-143
-185
73
-46
124
-35
137
2
131
19
167
-46
50
51
-159
187
-11
49
196
-113
-66
-151
-109
55
164
27
44
-153
-19
-166
172
142
85
-183
-195
-169
-73
168
-153
90
-163
-63
-16
-82
98
178
-76
87
-184
78
-199
84
-75
-48
-71
-55
-180
-31
21
73
-170
-50
-60
75
-74
8
107
47
-47
141
102
2
-197
-143
4
-53
-15
-38
-124
-30
-12
-56
-132
-49
51
166
150
122
28
11
-158
136
-136
144
3
9
82
146
29
-62
133
-185
-76
100
-2
190
-14
61
-171
-15
157
14
69
66
-141
194
123
127
39
160
155
16
13
-165
-131
5
-147
-137
-108
-81
154
103
-36
-36
-199
33
31
-64
125
46
125
20
183
-144
-181
169
-79
120
13
31
-50
140
48
89
-134
83
-88
-58
-167
92
15
-183
-134
171
49
-186
-74
-62
75
-196
62
99
-103
198
-145
-117
-105
-157
-137
-101
-79
-47
192
36
107
166
-77
44
-6
171
-50
85
75
-158
-174
25
130
5
88
25
-196
61
118
22
192
-22
-38
63
196
-46
87
-43
169
122
-164
-113
193
98
-38
15
-176
31
-173
168
117
-12
150
-21
-44
29
97
-42
-5
-19
192
-55
-70
-139
-167
-51
48
2
-49
-188
171
-160
-175
142
92
75
136
-130
175
-180
-167
100
171
-193
55
42
30
104
19
137
-188
-14
-113